OFF
92 0 0
0.0 1.2246467991473532e-16 1.0
0.2030438569102221 -0.0473941207007671 0.978021978021978
0.01801716746079624 -0.2926693284041082 0.9560439560439561
-0.29845777808215557 -0.1960708686159089 0.934065934065934
-0.3873112139704522 0.13448295117169173 0.9120879120879122
-0.18294129142330426 0.41741689882051136 0.8901098901098901
0.16698948403092595 0.46739872887820066 0.8681318681318683
0.46159176390033946 0.2663770112799272 0.8461538461538461
0.5608457995992717 -0.07865239930195567 0.8241758241758242
0.429483447298247 -0.41475613876810735 0.8021978021978023
0.12598760384539406 -0.6126860682528156 0.7802197802197803
-0.2375084941314382 -0.6071730818093499 0.7582417582417583
-0.5414461860172841 -0.40589621618130417 0.7362637362637363
-0.6958527089122927 -0.07473236157630025 0.7142857142857144
-0.6608896726231577 0.2897152046262904 0.6923076923076922
-0.4501892749450137 0.5899048650419816 0.6703296703296703
-0.12045936800380579 0.7517510763143771 0.6483516483516483
0.24713038743926707 0.7393122829952649 0.6263736263736263
0.5680003638881428 0.5586425870001401 0.6043956043956046
0.77279831283506 0.2521359303434229 0.5824175824175825
0.8203432787845948 -0.11377347690588042 0.5604395604395604
0.7033536067466188 -0.46406128417931575 0.5384615384615385
0.44703613325386304 -0.7303447629484693 0.5164835164835163
0.1018434097151795 -0.8631872541931225 0.4945054945054946
-0.26753294581975334 -0.8397284743342955 0.47252747252747257
-0.594578332108097 -0.6659442916619542 0.45054945054945034
-0.8225544242687968 -0.3738057647068501 0.4285714285714286
-0.9134962264783223 -0.014368226217410546 0.4065934065934066
-0.8534546048282091 0.35169055064741966 0.3846153846153846
-0.6535367760122285 0.6643672370150113 0.36263736263736257
-0.34696733508223054 0.8738219967519005 0.34065934065934067
0.017055196646955918 0.9477084664552013 0.3186813186813185
0.3815514279072231 0.8754345558563215 0.29670329670329654
0.690667035007876 0.6689581976331195 0.27472527472527475
0.8979694484880492 0.36023561152499256 0.2527472527472526
0.9729998236966907 -0.004111595357812219 0.23076923076923073
0.9052623478294335 -0.37000853062307604 0.2087912087912087
0.7052298329237235 -0.6839237647480007 0.18681318681318673
0.40236576554239273 -0.9005171620536991 0.1648351648351648
0.04055603057188997 -0.9889120512557958 0.14285714285714282
-0.3283363717839859 -0.9367942490745869 0.12087912087912082
-0.6518662897776571 -0.751856976350999 0.09890109890109884
-0.884334922313297 -0.4604721331566345 0.07692307692307684
-0.9930762156566612 -0.10383000931392461 0.054945054945054896
-0.9628850139823618 0.2678910685064684 0.0329670329670329
-0.7980264236803768 0.6025222558091868 0.010989010989010888
-0.521584942456477 0.8531285890416268 -0.010989010989011009
-0.17225584197640426 0.9845004315094791 -0.03296703296703324
0.20099051262668927 0.9780510491641761 -0.05494505494505502
0.5456666390375251 0.8344643547079633 -0.07692307692307697
0.8130557156424376 0.573723780139292 -0.09890109890109897
0.9650581153074426 0.23248886471127564 -0.12087912087912095
0.979667222204788 -0.1408686284175733 -0.14285714285714293
0.854304477215473 -0.4929434335127729 -0.16483516483516494
0.6065052174377774 -0.7728209717997149 -0.18681318681318687
0.2717828262949658 -0.9394361747679436 -0.2087912087912088
-0.10112873000185164 -0.9677388811546171 -0.23076923076923084
-0.45708883382789994 -0.8527535542104571 -0.25274725274725274
-0.7425440092212638 -0.6108636654743299 -0.2747252747252747
-0.9136103512981711 -0.2779987045405566 -0.29670329670329687
-0.9430708477101848 0.09518189598200533 -0.3186813186813186
-0.8251859097174862 0.45057677262068024 -0.34065934065934056
-0.5774477280603829 0.7314699341581443 -0.3626373626373627
-0.2387876354201549 0.8916565880918567 -0.3846153846153847
0.13576417443282193 0.9034654894656149 -0.4065934065934067
0.48341977644448225 0.7633032492755495 -0.4285714285714287
0.743894500581854 0.4935850125496745 -0.45054945054945045
0.8700665190855846 0.1403639557475232 -0.4725274725274727
0.8372497622879674 -0.2334034092566305 -0.4945054945054945
0.6492802998880257 -0.5582829653304286 -0.5164835164835164
0.3399028535376478 -0.7710546165834152 -0.5384615384615385
-0.03145103124778619 -0.8275979287841186 -0.5604395604395604
-0.38950797003350623 -0.7134937287539646 -0.5824175824175823
-0.6575392998692307 -0.4498311044322681 -0.6043956043956045
-0.7740560589038817 -0.09215908993551893 -0.6263736263736264
-0.7085791030176815 0.27848841061408386 -0.6483516483516483
-0.47265509143541967 0.5720623196959319 -0.6703296703296704
-0.12236904941078175 0.7111510914833072 -0.6923076923076923
0.2503932525659264 0.6535282223720741 -0.7142857142857142
0.5385984200406924 0.40966749028038985 -0.7362637362637363
0.6501608861461702 0.04858248845081608 -0.7582417582417582
0.5411233957078642 -0.3137555818967821 -0.7802197802197801
0.24166736191993748 -0.5459629770704912 -0.8021978021978022
-0.13792213677967685 -0.5492828916234594 -0.8241758241758241
-0.4335830979312864 -0.3098860529732849 -0.8461538461538463
-0.4917729948142425 0.06712958442671656 -0.8681318681318682
-0.2616747546879842 0.3731363105991466 -0.8901098901098901
0.12267012191036192 0.39121309003356464 -0.9120879120879122
0.3488096864776644 0.07650250608239927 -0.9340659340659341
0.14230026534170706 -0.25637977415447993 -0.956043956043956
-0.20053152965258075 -0.05709742657225028 -0.9780219780219781
0.0 0.0 -1.0
